6 4
1.6
1.301 5.341 3.300 10.012
8.708 4.129 4.152 2.724
9.728 4.945 0.147 7.189
17.055 5.197 0.240 7.313
28.734 21.356 8.520 3.433
7.096 10.194 0.255 9.177
4.301 11.489 0.390 11.127
2.357 20.825 36.598 0.908
12.755 8.874 2.099 5.049
10.172 2.733 7.825 1.408
13.604 11.441 5.934 17.545
3.790 5.140 26.346 14.740
16.408 3.262 2.965 7.590
0.730 10.432 6.036 12.333
11.000 0.153 0.160 6.776
1.895 2.247 8.760 17.330
8.340 10.631 4.165 13.533
14.912 20.780 17.315 1.850
12.303 18.520 12.097 3.953
3.169 9.324 17.310 0.413
16.693 4.497 6.841 12.669
1.283 0.926 23.737 7.703
4.372 3.465 8.394 15.809
2.451 8.012 9.885 14.515
25.674 1.386 1.432 13.661
13.010 12.421 3.736 7.421
10.168 12.184 22.740 20.504
9.583 8.270 24.026 26.572
14.632 8.273 0.601 16.053
6.597 6.678 5.700 3.748
19.721 15.115 5.972 9.056
29.082 2.419 3.978 6.235
21.715 5.173 20.649 2.402
7.244 5.786 1.827 0.358
1.415 3.945 22.688 6.266
2.747 14.478 12.219 14.370
15.819 0.167 0.427 14.648
11.957 3.824 9.528 5.223
4.906 0.782 7.209 4.217
4.147 2.637 11.135 29.981
2.239 0.014 11.652 9.636
11.535 7.412 6.244 0.108
9.169 6.743 6.258 3.825
1.654 19.726 9.875 8.940
2.572 3.860 5.609 0.354
9.582 0.206 4.158 6.283
19.052 16.270 13.665 6.785
3.692 3.080 8.832 19.093
18.045 21.433 2.156 5.005
3.353 14.678 7.694 10.130
6.124 9.559 7.238 2.165
24.319 7.845 10.624 0.257
5.246 0.004 6.023 3.987
6.267 9.637 3.536 2.354
11.419 11.244 14.515 0.120
4.229 7.118 23.148 6.786
8.722 15.955 5.502 15.143
19.179 6.654 8.145 1.846
6.619 16.777 3.359 9.043
8.740 10.431 9.212 15.791
1.397 9.372 19.522 7.828
3.604 1.000 3.232 7.145
11.822 4.126 3.707 2.757
7.306 4.751 6.911 13.504
13.223 5.352 1.579 4.714
16.445 4.949 11.503 9.653
15.590 2.569 14.842 9.562
14.788 17.630 7.124 3.083
7.426 27.841 12.017 23.659
5.989 16.274 1.648 5.411
3.935 9.836 11.919 2.111
11.349 0.827 10.121 1.317
1.704 5.644 4.241 4.533
3.543 1.160 10.345 2.610
1.131 14.079 13.060 8.008
7.319 0.130 8.319 5.181
6.691 7.630 24.080 5.150
13.348 16.350 3.111 4.909
0.980 5.799 6.966 22.641
4.750 17.432 7.960 5.986
1.023 11.129 5.805 0.628
8.051 11.888 6.903 4.543
3.645 6.803 1.571 7.229
4.922 4.345 12.749 17.616
15.958 5.084 2.578 9.510
2.232 13.213 13.806 17.133
1.653 12.604 3.788 13.153
3.690 1.254 12.266 10.000
8.175 5.681 16.479 8.392
4.843 4.269 5.368 12.799
7.179 11.274 8.690 12.339
10.953 17.190 11.619 15.699
5.375 8.672 4.855 4.406
16.056 4.549 20.716 17.640
2.869 5.066 5.297 10.702
5.922 6.211 4.594 3.925
12.260 7.933 10.227 7.324
11.271 2.804 9.082 0.785
1.301 4.118 3.189 0.506
15.778 16.703 2.095 2.613
7.904 6.312 1.838 2.862
13.415 0.220 14.770 4.736
2.049 12.166 13.252 6.423
13.693 0.628 3.674 14.544
7.706 6.053 5.751 11.672
1.780 0.483 6.682 0.149
4.927 1.483 9.704 18.474
2.800 22.400 2.797 2.538
4.914 11.283 15.427 1.129
7.411 1.829 4.022 9.858
6.801 5.957 3.061 2.956
16.624 6.677 4.803 16.380
3.966 2.799 8.285 0.700
5.455 0.619 21.881 6.711
5.726 13.935 8.409 11.197
3.209 18.862 8.053 6.024
3.755 14.230 1.204 7.583
4.242 0.285 6.595 6.281
13.077 7.524 14.265 9.345
21.538 8.313 4.732 24.178
12.147 8.818 3.745 5.350
4.537 1.458 15.304 1.963
7.611 6.935 4.266 6.561
8.720 5.012 7.856 12.679
7.503 5.634 4.172 2.400
3.330 6.270 4.651 10.754
0.677 12.717 6.043 14.155
12.996 14.272 13.847 7.734
1.094 6.072 5.709 4.773
2.353 1.741 4.876 3.548
2.328 20.568 11.431 21.002
19.411 6.130 4.149 3.133
1.464 3.667 2.941 2.388
2.327 5.056 7.793 2.952
6.919 15.656 5.114 10.412
7.435 15.241 5.949 13.522
5.227 3.151 3.216 1.648
12.142 17.194 10.364 14.259
11.849 7.677 13.862 19.220
12.203 16.720 1.299 11.541
11.004 7.530 2.420 4.738
19.004 2.793 9.299 6.307
7.756 18.732 13.901 4.199
9.886 8.705 8.588 1.338
7.081 6.953 8.114 6.662
17.318 12.191 13.915 9.638
14.611 12.177 28.516 17.703
2.014 1.045 17.274 4.399
0.521 10.297 5.967 3.390
4.023 25.823 16.948 22.826
10.912 17.071 8.265 2.552
7.991 1.398 2.576 16.008
2.700 0.899 6.485 7.609
6.741 5.867 20.348 3.897
17.704 10.479 12.486 4.748
0.924 8.477 11.586 10.412
5.932 3.343 9.816 5.600
2.919 6.433 7.582 2.300
21.295 2.478 3.134 4.873
7.000 6.914 7.236 6.564
14.738 6.171 0.998 23.984
9.961 3.952 9.889 6.264
7.919 10.691 1.640 11.082
14.629 21.946 15.065 2.280
5.911 13.541 2.771 4.555
3.695 6.704 2.672 0.855
3.373 12.678 8.566 16.089
15.442 2.055 4.347 13.819
1.588 1.879 1.224 12.110
5.148 2.812 10.345 2.282
1.166 13.963 16.382 1.956
1.557 7.491 4.735 0.909
6.422 10.359 11.452 9.733
1.506 13.008 12.347 0.812
23.603 13.509 10.988 1.846
1.982 4.727 16.419 19.453
7.887 5.619 5.150 4.781
19.000 11.419 1.210 12.669
24.116 0.682 13.131 6.643
6.385 15.175 7.162 16.202
1.829 7.410 1.582 9.231
0.883 7.616 23.265 3.014
2.416 26.870 7.845 4.749
3.732 14.179 4.881 12.034
1.050 6.334 13.147 10.404
14.792 13.577 6.402 19.721
3.928 10.365 1.935 1.358
1.451 10.621 6.321 9.411
8.687 13.819 2.928 9.819
5.752 11.682 0.743 8.643
7.767 7.038 0.808 3.143
0.267 12.032 5.964 0.764
14.007 3.130 13.301 3.122
2.904 10.489 0.935 10.914
14.520 13.100 9.434 12.681
2.953 4.295 8.615 11.603
6.232 6.950 8.415 9.401
3.111 14.208 15.539 8.931
6.268 0.222 5.928 5.771
21.761 2.808 24.771 2.694
7.201 27.720 8.827 4.594
20.233 9.702 19.812 13.030
1.258 11.418 21.330 4.081
12.354 4.130 3.253 13.623
9.001 11.348 6.618 10.755
14.904 1.490 0.969 9.519
17.888 1.566 1.633 8.009
15.558 13.564 5.521 7.305
9.964 21.959 0.055 17.332
4.626 14.789 9.631 0.787
14.079 13.114 15.566 4.682
6.802 10.733 11.914 4.027
17.172 21.583 21.249 9.710
2.891 7.314 11.684 18.605
4.056 0.392 3.497 1.173
16.321 2.598 15.841 3.072
13.209 1.629 1.137 1.339
11.575 18.702 21.596 3.943
7.330 12.190 13.066 6.027
0.949 9.866 6.276 9.431
18.378 2.721 0.472 14.397
1.496 20.462 9.610 12.077
21.777 14.651 12.253 2.992
8.536 1.687 10.825 15.537
8.775 1.231 17.509 10.824
4.957 16.841 14.076 18.506
10.838 10.299 5.585 0.360
2.617 7.409 15.201 5.120
11.437 10.500 17.162 4.976
13.968 0.948 12.017 1.557
12.849 3.119 13.585 7.670
8.103 0.357 4.425 10.415
4.532 0.035 15.020 6.258
13.025 14.031 3.593 14.058
4.234 17.889 5.634 10.184
5.410 0.033 5.417 3.269
18.092 18.616 1.366 18.366
31.183 4.946 9.685 0.681
0.893 6.752 0.853 2.245
12.264 0.283 4.560 12.463
3.175 1.572 11.071 0.620
4.235 11.841 14.753 15.746
6.909 17.135 6.316 4.822
1.821 4.905 14.446 3.751
6.229 6.201 4.302 10.685
9.036 15.408 13.616 9.476
20.792 13.509 5.959 9.821
8.001 10.126 6.458 2.330
8.098 5.811 3.617 4.325
11.511 8.342 4.012 0.620
0.176 2.657 19.783 4.590
4.214 12.232 13.639 6.689
3.595 23.526 23.919 3.625
24.573 1.212 0.756 4.002
2.339 8.564 0.478 10.529
9.952 1.460 9.275 12.700
11.211 2.858 5.852 9.625
6.527 8.835 1.489 3.986
4.133 0.250 3.667 18.108
6.569 9.736 0.946 13.709
9.184 24.813 1.969 9.679
2.187 28.405 6.766 1.093
4.284 14.162 11.236 9.132
7.420 2.509 6.207 18.135
0.003 3.683 12.974 7.673
12.594 3.702 2.495 0.338
7.832 7.858 2.873 12.289
10.971 1.426 4.068 18.251
5.660 2.049 6.100 7.920
6.132 8.167 10.481 0.385
7.687 12.388 1.904 4.090
1.753 12.421 13.100 12.047
7.314 3.340 30.703 8.313
16.243 4.991 21.309 3.752
9.827 11.546 5.168 7.261
13.262 1.921 10.967 12.452
6.807 4.051 1.556 8.073
7.502 2.040 8.273 16.018
3.793 3.095 11.453 0.880
8.059 10.914 5.372 11.158
20.129 0.208 0.615 2.340
8.866 14.441 6.759 13.287
2.606 6.039 3.005 23.020
2.827 4.828 1.781 5.129
2.558 8.252 9.046 4.677
16.938 13.530 8.543 3.936
7.500 21.863 7.922 13.315
0.632 11.445 20.600 8.390
14.407 0.740 7.401 3.382
11.872 7.011 7.521 4.500
5.863 13.530 20.541 3.658
2.478 10.366 11.639 1.152
11.556 15.370 1.679 8.941
2.164 5.713 14.189 16.729
8.096 13.718 0.307 2.592
12.890 11.486 3.068 11.891
2.463 0.176 13.855 16.253
1.931 9.466 4.405 9.873
21.461 7.955 3.007 21.617
0.418 10.467 6.510 0.537
18.869 2.829 6.315 0.925
13.467 0.296 9.122 7.112
10.162 16.033 4.224 7.959
0.212 12.107 3.436 16.481
6.871 14.813 1.549 2.532
0.122 11.348 5.953 7.625
20.516 11.197 2.440 5.242
13.679 22.330 13.300 7.083
14.366 12.682 2.496 5.618
2.587 4.878 12.585 11.146
8.674 2.279 6.658 7.862
8.562 1.392 6.495 2.737
8.483 4.238 6.258 21.354
12.851 28.327 15.705 3.193
18.529 1.808 3.973 2.750
8.984 16.371 12.093 1.454
0.040 22.904 7.340 0.843
11.573 5.703 4.622 4.030
11.169 14.022 2.375 9.855
12.520 1.511 13.340 1.994
1.232 4.562 9.680 10.280
9.988 3.423 14.184 9.247
3.020 11.599 11.482 5.628
0.271 10.588 1.910 10.024
1.937 12.579 18.335 1.583
1.266 6.400 2.277 1.774
4.666 13.028 4.633 15.140
13.588 1.326 2.767 0.665
12.557 6.651 0.570 1.970
8.361 2.627 2.086 0.120
6.970 12.208 5.427 1.823
1.036 7.908 3.457 6.411
6.555 14.842 8.972 8.441
5.508 17.950 13.657 22.366
11.003 4.618 9.926 3.548
9.137 0.594 8.611 2.756
7.981 9.444 3.278 9.691
0.768 11.051 17.574 0.035
4.986 1.668 12.670 0.171
1.381 18.758 6.148 2.543
3.934 12.505 2.606 6.309
1.790 3.635 2.239 2.010
3.653 20.256 2.590 3.999
16.077 13.242 0.234 11.294
1.665 0.727 3.921 12.564
3.024 3.565 15.788 13.491
14.162 8.394 16.556 6.336
11.048 1.065 7.177 17.351
4.896 10.558 11.381 0.858
13.883 16.490 9.212 3.814
1.297 7.164 12.440 3.571
11.988 8.801 0.470 0.722
7.451 22.049 14.004 10.875
12.876 2.674 14.112 30.398
2.128 9.505 20.233 3.411
3.769 6.491 18.893 7.168
1.211 8.164 1.448 14.756
12.933 1.748 0.088 4.258
27.882 7.841 5.518 3.232
3.657 10.273 12.750 4.098
4.472 6.865 16.018 2.031
13.906 0.843 10.285 1.235
0.483 7.645 6.836 9.307
5.415 3.093 5.470 12.753
18.187 7.205 8.055 9.603
5.376 11.742 0.870 10.115
17.713 16.924 10.702 16.721
18.979 4.019 6.470 26.869
3.508 4.700 6.816 9.432
11.027 3.026 8.473 11.144
15.953 1.310 5.322 0.208
13.837 5.828 12.966 7.282
4.632 4.056 9.523 11.780
11.607 1.637 0.857 6.009
24.146 8.190 1.996 0.602
0.135 8.603 9.068 8.074
1.059 2.478 2.516 5.040
6.613 1.430 9.135 12.785
25.573 12.677 22.521 8.233
10.131 0.934 11.017 7.894
5.119 7.580 0.216 1.197
2.639 1.434 8.282 6.115
7.121 1.809 10.095 7.796
6.511 7.523 0.026 5.478
5.135 14.531 11.523 3.035
4.556 15.592 5.464 0.813
15.089 11.733 6.644 3.702
1.822 0.456 8.571 5.346
14.545 0.846 1.011 9.765
0.046 8.898 1.033 1.080
8.881 4.021 5.573 12.926
7.635 4.041 11.982 2.704
16.471 0.179 4.962 9.394
11.073 0.113 12.310 11.965
2.271 13.145 8.224 9.711
0.760 32.426 4.452 22.169
20.014 15.569 1.684 3.475
5.336 1.533 2.903 9.406
24.278 14.210 9.429 1.271
0.060 10.206 7.868 11.464
4.788 3.564 13.136 14.998
13.483 4.732 6.209 0.635
24.318 13.831 1.604 0.367
7.495 9.638 1.410 16.839
3.573 11.452 11.833 3.295
1.290 9.382 17.996 2.504
3.213 9.500 9.237 3.508
9.297 4.212 3.505 13.349
4.056 6.687 6.857 0.327
13.954 12.965 1.897 6.066
0.827 2.167 15.328 11.250
10.788 6.925 1.267 2.492
1.733 8.654 9.313 13.300
7.565 17.719 6.900 9.754
0.757 15.031 1.918 1.071
3.357 12.535 1.466 3.881
14.828 2.001 2.234 4.337
6.733 21.212 7.499 3.000
0.496 0.834 24.055 5.714
20.247 6.116 13.002 24.452
16.810 3.469 1.521 2.536
7.929 9.553 14.611 8.656
0.456 6.307 12.097 3.378
25.696 0.150 5.336 1.009
3.649 10.464 0.576 0.196
7.465 9.155 10.516 4.965
1.210 10.329 13.388 5.429
5.237 2.567 8.738 13.713
12.080 11.334 2.799 13.146
9.857 9.825 4.696 3.871
7.080 5.539 2.874 4.528
10.472 14.567 3.049 0.281
0.603 13.859 1.057 4.019
0.042 4.537 0.086 0.496
14.843 5.305 7.396 3.238
9.080 2.524 3.626 24.150
6.655 9.351 3.359 1.527
13.501 25.713 10.752 2.561
1.606 4.993 4.466 13.465
2.482 1.097 3.863 6.278
17.001 12.792 7.228 5.399
4.127 3.807 19.347 2.792
22.158 2.969 13.638 6.217
8.920 4.143 13.415 8.044
8.318 3.284 7.897 1.048
1.639 10.696 2.202 9.787
9.254 14.414 1.067 6.758
3.312 3.622 3.171 17.899
13.055 2.955 2.741 7.021
4.816 9.977 1.073 14.642
3.657 5.979 19.964 6.803
12.980 14.995 4.296 6.513
4.035 5.222 13.348 11.804
3.701 10.537 15.458 12.362
1.043 1.362 6.712 9.915
16.630 25.494 23.960 16.317
13.088 1.484 0.736 4.643
12.406 0.617 22.629 6.089
22.452 9.151 11.744 3.490
0.462 14.751 8.434 1.141
17.316 8.721 5.880 1.023
4.777 6.269 0.994 6.651
17.808 1.049 8.180 0.860
5.951 15.760 0.530 0.782
5.570 2.459 8.853 15.529
18.840 10.249 2.913 7.357
6.667 18.083 5.539 2.693
22.628 5.663 2.871 1.091
9.744 7.064 11.106 12.039
6.354 9.500 13.486 0.437
12.252 4.709 2.876 6.759
7.403 6.525 15.059 5.115
0.346 5.427 4.576 6.239
27.196 3.086 9.084 2.980
11.607 10.286 16.670 18.317
6.764 7.168 6.344 0.668
2.439 0.418 1.967 8.592
0.824 13.162 1.980 3.709
1.234 9.378 7.526 0.075
2.985 9.059 5.278 1.060
15.859 9.926 0.011 8.028
10.629 3.492 8.218 4.919
5.625 0.152 0.455 0.588
9.866 11.272 7.092 1.893
12.997 1.000 14.763 5.660
6.865 2.262 10.027 13.377
20.671 8.032 13.347 4.463
14.588 7.160 8.603 1.550
3.584 12.882 3.547 5.219
12.117 6.522 0.665 11.360
8.578 22.159 8.627 3.312
0.945 1.605 6.235 5.007
10.517 2.797 4.560 4.741
2.155 2.051 11.617 2.233
9.201 1.539 6.673 9.012
3.698 0.829 14.157 17.618
8.103 4.799 3.576 2.584
13.817 1.779 5.475 0.325
2.574 2.363 8.715 8.460
10.771 16.006 3.311 11.650
6.404 1.914 3.334 8.384
13.418 10.276 2.706 5.794
0.659 0.150 17.617 3.792
9.119 5.985 1.836 4.806
2.252 17.033 0.042 25.567
18.484 11.385 16.736 8.255
11.345 7.600 12.573 5.357
13.774 16.951 7.183 5.686
7.027 7.340 1.489 8.128
6.117 9.229 4.785 15.762
1.154 5.870 18.217 12.954
18.237 13.063 6.116 6.251
17.254 9.542 0.345 16.205
12.388 8.242 8.518 16.827
7.324 7.432 4.943 10.936
14.275 0.287 11.518 21.564
0.737 7.610 15.659 2.109
11.994 2.125 9.823 5.384
16.910 15.535 0.126 5.018
9.735 1.511 13.926 4.731
0.965 8.703 11.957 8.179
1.119 3.155 3.032 21.877
13.296 13.060 4.356 12.903
2.380 12.196 3.991 15.421
8.715 7.853 15.971 3.815
15.498 2.204 6.933 0.723
6.768 3.722 20.903 3.480
4.848 1.641 12.119 4.687
4.154 1.763 8.662 1.826
4.302 7.912 7.454 15.619
15.582 1.728 11.045 5.773
7.300 14.026 6.608 4.461
0.589 0.435 13.108 14.637
16.134 11.477 6.286 13.045
21.398 2.179 0.624 1.766
4.873 12.289 6.647 11.091
4.987 6.383 11.618 8.727
12.600 2.313 3.287 11.004
1.656 0.801 13.995 12.334
2.657 4.526 0.150 8.010
4.884 1.295 5.282 4.062
12.085 0.917 14.719 12.114
1.252 18.329 7.165 12.719
0.371 8.875 2.289 7.168
3.660 0.659 1.466 0.976
3.759 2.647 11.648 7.381
6.999 24.640 8.604 7.840
3.751 6.241 4.372 12.376
29.472 21.924 1.999 13.853
6.725 4.566 6.064 9.465
4.364 21.506 9.187 8.865
0.777 16.649 15.304 12.452
0.327 1.643 9.436 5.185
10.646 9.702 7.572 9.772
10.845 6.885 24.507 0.398
16.808 5.019 6.834 8.468
0.211 6.175 14.281 3.682
8.213 14.996 14.192 8.940
0.258 9.953 4.669 3.899
1.494 1.633 1.967 2.009
2.611 9.322 10.368 16.661
23.365 17.187 5.056 1.027
3.472 8.696 5.761 2.996
3.644 3.875 2.957 15.352
4.305 9.538 8.538 1.965
14.949 2.244 10.486 25.103
5.246 7.063 11.078 3.699
10.529 0.001 16.390 30.781
3.550 13.233 8.847 0.973
1.901 12.106 11.578 0.588
4.965 8.739 11.048 15.700
4.288 2.127 7.011 11.559
3.612 4.395 3.890 8.578
11.367 7.577 15.509 5.952
0.653 0.788 17.460 7.163
6.620 7.590 11.579 4.746
10.654 10.459 3.553 8.805
1.875 18.962 14.521 5.813
9.667 5.105 5.304 6.601
1.817 11.892 6.814 1.366
3.937 12.977 18.884 9.081
4.128 9.906 4.511 2.342
3.100 0.462 2.477 3.931
3.501 7.167 1.168 0.505
6.313 8.062 9.761 8.772
11.228 4.760 3.273 7.993
4.541 3.194 10.894 8.036
7.983 16.634 0.162 5.957
11.633 13.717 12.446 18.944
0.683 2.615 3.036 12.778
0.576 7.680 11.407 0.188
16.657 8.156 3.835 2.670
3.054 10.214 7.545 3.239
3.386 3.031 1.237 21.922
18.765 12.808 1.955 11.459
18.174 3.921 6.361 9.959
1.120 5.167 7.368 4.077
0.043 0.184 6.870 2.201
27.564 30.341 0.904 14.362
1.062 23.237 15.912 0.387
6.009 9.004 7.678 6.915
12.084 13.945 0.618 15.330
2.916 4.498 14.744 10.767
16.370 5.272 11.866 1.161
6.802 6.605 11.508 7.399
12.777 14.385 10.642 16.767
1.535 11.396 4.292 0.384
15.962 5.914 15.460 10.111
4.592 12.216 5.944 5.266
26.503 0.444 9.679 14.457
7.938 16.846 16.387 1.608
10.611 13.191 4.385 7.484
12.545 14.514 2.026 13.354
2.990 6.288 8.456 9.206
12.723 15.862 3.562 7.097
4.198 15.146 7.958 8.589
0.477 13.444 0.835 1.078
18.757 16.487 20.739 14.111
3.524 12.026 9.944 1.535
5.929 19.121 17.150 9.355
4.336 9.905 20.202 14.743
5.412 13.283 0.128 14.092
6.121 1.306 18.322 8.723
13.757 14.015 8.665 12.815
14.552 5.384 8.760 3.685
27.886 11.203 16.128 3.253
12.981 5.853 2.359 0.883
4.020 2.864 9.302 12.668
4.968 0.093 3.580 3.904
4.330 9.158 23.144 16.570
10.527 7.723 0.447 2.453
2.652 0.154 4.171 7.473
4.634 6.734 14.353 1.179
10.453 2.885 6.147 18.413
17.271 2.675 9.089 11.757
17.537 7.042 20.703 4.509
12.211 13.579 9.037 0.122
21.025 8.589 5.635 10.202
10.521 12.395 5.706 11.964
0.266 1.115 5.443 8.615
10.681 5.575 11.658 0.201
4.134 1.003 0.190 7.831
14.596 0.673 3.116 5.372
0.850 18.198 5.355 2.262
5.795 10.370 0.123 17.730
17.832 5.775 7.478 7.508
1.545 9.784 22.952 2.838
7.628 12.922 6.068 4.872
6.743 4.598 1.561 10.953
8.697 0.817 3.020 1.449
0.278 3.142 11.194 5.948
1.155 8.664 13.830 0.856
1.029 16.649 6.387 4.383
8.483 8.523 7.959 15.695
9.281 5.095 1.234 23.411
6.685 4.680 6.146 4.219
7.559 5.240 17.869 10.546
17.052 13.321 20.027 0.240
6.746 6.475 16.967 2.812
14.234 2.620 28.801 3.909
4.269 14.648 9.581 4.898
0.433 26.294 6.915 0.079
10.073 16.235 8.551 2.559
21.569 20.906 3.078 2.526
3.994 8.348 6.186 0.665
1.461 0.747 2.511 0.233
2.559 4.947 0.525 10.270
4.898 7.983 3.562 5.825
5.305 3.658 14.338 8.262
0.414 2.344 5.117 12.061
3.510 8.011 18.916 0.251
19.521 13.611 2.262 5.943
13.883 3.292 6.909 7.836
3.420 7.889 0.847 6.498
1.579 10.883 4.117 2.193
3.350 24.102 1.323 7.506
14.009 9.009 2.906 2.772
13.174 9.758 8.854 12.255
1.960 24.168 3.639 5.086
15.344 0.300 7.705 11.629
2.162 9.876 14.813 11.242
19.301 2.428 3.490 2.548
11.223 2.310 12.795 14.529
0.168 3.838 6.508 11.818
19.097 18.813 6.193 2.363
9.068 1.941 4.377 8.604
5.492 1.452 21.321 17.122
10.275 8.743 14.817 19.492
25.024 8.069 3.516 4.045
2.327 8.784 14.498 14.528
1.010 6.720 9.862 18.974
4.719 7.183 7.654 17.567
11.439 6.160 5.899 21.589
2.507 10.860 6.304 15.210
0.065 10.997 16.985 19.872
0.285 12.446 23.044 1.468
6.683 0.935 21.510 0.942
23.157 5.123 3.243 13.129
10.063 1.840 1.564 5.586
23.356 2.177 7.130 7.178
16.421 1.880 5.578 1.697
10.533 14.833 3.596 7.869
0.734 18.482 9.265 0.648
1.584 5.903 14.774 3.848
9.857 21.808 10.584 7.815
1.987 2.742 9.176 4.647
0.548 17.469 23.307 19.041
5.900 7.759 3.066 12.945
17.400 5.797 6.643 4.376
8.306 13.417 7.911 3.420
7.842 7.621 3.688 5.868
5.279 0.281 8.178 10.919
2.479 3.057 5.673 17.918
1.185 17.270 0.947 6.420
6.271 5.899 2.499 4.494
2.498 7.262 9.084 15.852
10.779 11.522 2.473 18.622
11.740 9.107 3.916 15.322
6.151 11.280 1.524 22.104
2.892 12.847 1.478 13.132
1.890 0.187 4.115 8.299
6.648 19.432 7.652 12.306
3.083 6.410 7.996 9.165
9.496 12.766 16.669 0.967
6.810 4.346 33.413 9.553
8.626 8.908 4.771 1.738
13.909 2.004 7.232 7.438
18.085 2.465 8.053 0.389
2.026 12.651 12.818 3.273
4.289 5.775 2.552 2.131
13.050 18.539 10.590 0.596
13.601 21.046 2.302 1.084
11.580 16.687 5.772 1.862
0.095 5.454 2.283 8.755
15.681 2.447 10.540 19.916
8.200 13.660 4.339 14.521
3.675 12.308 3.289 2.217
24.772 18.482 11.679 5.156
1.843 1.312 17.344 10.426
1.078 3.190 7.252 9.326
6.908 6.275 6.768 8.714
18.733 10.876 6.515 10.533
2.507 12.387 11.859 11.055
3.973 0.105 3.030 16.691
14.744 4.083 16.903 2.793
2.874 4.543 0.851 2.851
2.693 2.543 3.179 2.586
7.151 2.969 11.962 17.019
2.717 15.248 17.301 0.941
3.881 19.727 5.173 3.792
6.301 0.753 6.162 3.600
12.302 8.867 9.435 2.089
13.764 7.588 8.010 5.333
4.857 1.231 4.514 6.131
2.948 3.975 1.116 4.027
0.140 4.866 12.240 6.402
9.446 1.133 0.225 8.182
2.673 5.283 4.756 3.685
3.070 12.284 4.910 18.907
2.495 7.585 6.348 12.139
4.650 10.421 5.191 22.673
12.583 4.607 3.876 0.859
3.471 7.534 16.621 9.087
3.319 0.819 10.895 6.144
14.330 17.575 0.848 4.626
6.112 1.813 3.878 8.805
1.632 1.174 15.786 5.385
3.815 7.329 3.574 18.861
6.231 2.781 8.040 0.770
1.318 2.357 17.969 4.399
18.718 15.763 11.100 11.318
0.247 9.816 7.030 3.805
27.283 19.609 12.058 5.914
26.508 7.643 13.599 7.554
3.010 1.043 8.257 0.662
1.318 10.574 13.704 6.992
9.073 1.288 4.598 10.333
2.478 15.465 22.272 2.990
9.081 4.846 1.292 2.772
11.801 0.366 2.798 11.803
3.864 3.921 4.508 0.598
0.083 11.016 12.952 10.333
0.280 4.663 10.646 10.070
17.168 3.127 9.742 29.793
13.276 16.808 6.898 1.000
5.950 6.352 4.877 13.648
17.076 16.033 1.400 24.844
9.241 28.153 29.873 18.416
12.251 5.776 5.034 6.179
19.567 15.820 9.933 8.391
7.916 20.201 5.719 7.809
14.456 6.161 7.194 5.779
10.240 4.988 12.452 0.001
8.107 6.836 6.806 5.209
9.698 3.230 6.980 5.824
19.174 9.552 3.335 9.431
0.996 15.281 1.553 2.288
3.044 8.009 4.682 1.796
0.844 3.006 7.160 3.413
6.555 2.163 3.718 11.512
0.904 8.123 6.368 7.556
7.659 18.624 13.565 5.111
5.482 1.995 5.953 9.667
8.662 4.323 21.207 18.733
12.852 13.060 4.843 9.721
8.945 6.822 5.719 1.088
8.835 6.763 0.804 4.286
6.823 11.346 13.790 4.331
0.284 4.834 2.443 4.803
6.498 5.962 7.338 6.432
0.869 21.444 21.586 25.212
2.167 6.199 9.275 5.244
2.298 0.345 5.232 5.548
3.180 8.847 8.831 0.710
14.368 27.838 12.984 20.331
4.253 4.504 6.038 7.929
18.157 6.650 0.602 5.342
11.374 7.779 7.183 3.639
12.979 5.578 9.728 8.886
18.926 11.136 5.426 8.299
0.212 18.279 10.852 10.346
2.602 6.365 13.519 3.064
6.501 0.423 11.672 19.021
7.921 0.473 3.153 10.969
8.215 1.083 7.432 2.723
9.025 6.037 1.483 7.636
3.029 9.863 4.237 12.730
7.068 10.048 11.157 15.688
11.959 5.267 2.574 17.923
14.861 9.862 7.934 4.661
6.114 15.917 18.694 1.609
4.910 9.837 2.833 8.496
12.735 7.602 5.044 4.929
5.414 6.844 6.124 0.397
7.082 2.562 0.812 5.167
3.827 14.500 0.608 9.963
3.830 4.312 12.365 3.297
10.567 4.378 21.060 3.885
17.286 7.553 3.519 0.793
9.653 5.861 1.399 2.529
2.724 3.802 1.210 7.403
10.276 9.734 16.724 3.383
6.759 17.023 16.724 10.043
12.115 16.738 9.040 3.958
5.142 3.738 3.844 7.541
12.601 6.354 12.705 0.764
6.694 7.768 7.829 12.285
11.844 0.615 11.108 20.024
10.572 11.323 2.851 3.585
6.141 3.590 10.591 17.079
2.942 7.795 10.491 29.386
7.172 4.889 4.151 6.415
3.858 18.840 0.715 15.225
5.079 26.411 16.208 9.731
6.542 13.087 19.752 2.568
13.841 13.234 0.946 2.920
10.974 4.077 9.689 6.238
1.246 5.994 10.395 2.208
2.881 4.153 1.032 3.836
6.361 10.749 5.553 2.218
1.893 0.920 0.990 8.661
14.517 4.100 2.019 6.467
5.466 7.828 11.903 9.082
3.498 7.543 13.951 24.076
6.564 18.383 0.610 18.923
1.032 17.519 26.383 16.304
16.371 5.617 3.168 0.438
5.589 12.374 13.273 19.348
10.013 3.262 7.992 13.976
5.653 2.637 24.287 8.083
1.458 5.264 9.673 3.106
2.500 2.963 11.237 12.414
1.036 7.592 10.065 7.547
8.786 0.495 11.185 0.274
1.253 10.420 5.097 6.603
4.010 2.504 0.253 3.078
4.934 14.624 1.732 16.622
3.593 8.723 5.543 4.480
0.434 3.080 5.313 21.588
3.888 6.874 1.507 0.868
6.940 16.035 12.485 17.645
6.006 4.243 2.700 7.478
6.200 12.284 5.341 14.954
10.095 2.841 11.496 14.856
3.430 14.178 1.996 4.742
4.708 1.369 0.713 2.979
7.573 10.169 4.248 6.366
11.458 2.999 1.641 1.155
0.175 1.039 4.255 6.708
7.521 1.597 1.432 2.892
5.185 14.182 1.282 0.086
6.765 10.289 6.198 9.220
8.379 9.227 3.577 3.161
1.965 1.063 3.933 6.529
25.173 2.020 10.079 0.279
3.425 2.655 13.016 7.188
9.639 3.654 0.860 3.091
4.371 6.191 11.485 25.921
3.823 12.499 3.445 4.819
3.916 1.896 21.200 3.602
1.557 17.831 8.176 12.174
6.438 28.133 2.648 7.749
2.686 10.465 10.009 2.709
13.840 10.186 2.102 11.121
7.535 1.380 3.912 12.041
1.335 4.028 4.786 3.548
2.698 5.890 5.813 2.218
10.511 1.539 16.666 11.315
6.980 3.627 0.738 0.970
5.291 5.106 22.888 5.281
20.610 10.203 3.231 3.569
12.821 0.807 0.022 4.408
3.343 4.060 7.402 16.547
1.676 6.326 1.912 1.294
0.513 8.574 4.567 6.111
9.627 9.874 16.504 0.824
1.599 7.996 0.104 3.804
5.752 0.246 1.704 6.636
10.892 1.729 2.285 1.836
13.794 1.932 2.832 6.885
16.158 2.192 8.631 13.053
4.724 15.501 1.702 6.281
5.719 23.960 2.098 2.392
21.684 25.078 5.104 1.616
0.092 13.413 13.047 5.918
14.208 3.909 0.307 7.500
11.956 2.498 3.262 18.030
4.971 1.908 11.308 28.936
12.941 2.624 7.059 36.966
18.437 0.720 4.638 10.746
1.294 1.360 3.900 11.033
8.312 16.979 3.405 6.802
2.864 1.573 8.531 0.661
8.842 7.208 2.814 9.159
2.924 5.358 6.369 11.861
2.587 12.181 15.721 2.963
4.868 11.905 6.666 11.572
2.850 1.249 3.573 7.553
10.311 21.159 14.504 6.392
6.581 0.685 0.904 15.849
4.635 0.355 0.837 2.809
19.714 4.173 7.542 0.062
3.658 4.513 0.092 8.218
6.332 11.927 9.053 10.349
9.655 2.463 2.393 5.892
12.690 0.436 10.020 18.118
6.814 0.371 5.600 10.069
6.681 10.669 14.559 4.493
5.838 1.855 3.717 3.517
11.046 8.264 14.408 0.401
7.897 3.453 0.182 5.613
7.294 10.268 17.888 4.625
5.973 1.575 8.913 18.747
5.353 16.665 17.734 9.886
4.760 7.485 1.732 1.511
7.696 8.264 5.312 5.505
10.356 1.808 9.229 10.249
18.359 22.069 3.720 27.435
9.544 22.809 8.514 2.129
5.442 7.517 13.787 6.431
1.330 5.134 1.146 3.741
4.300 6.374 9.112 5.657
4.990 16.234 9.094 4.546
12.981 6.019 0.011 4.587
0.700 7.338 3.702 5.990
6.591 3.628 13.890 1.350
18.487 10.544 8.440 2.312
31.548 7.023 16.965 4.668
7.300 8.903 2.025 4.882
35.092 4.775 5.414 14.631
15.159 6.342 4.931 1.773
3.650 13.719 4.420 1.991
2.558 9.217 6.859 12.947
3.604 12.773 0.206 0.476
15.789 13.592 10.291 11.724
9.912 6.909 8.003 7.844
7.263 1.844 9.312 4.172
6.458 8.800 6.543 4.939
15.563 1.188 6.694 1.506
3.394 7.712 9.462 14.559
6.148 5.757 9.596 5.726
11.080 9.523 3.528 5.551
18.070 0.275 5.423 3.993
1.271 14.690 2.787 12.097
11.455 12.695 6.031 1.825
9.086 9.687 4.401 3.379
2.280 2.502 15.498 6.683
3.766 15.707 18.088 11.821
6.350 5.348 4.535 3.559
1.952 6.077 5.489 25.284
3.339 7.626 11.663 10.890
0.829 7.678 12.550 20.905
4.130 3.255 13.935 8.082
3.260 13.643 15.176 12.872
15.208 6.274 21.188 2.092
5.723 1.499 2.980 4.709
11.958 7.384 12.200 0.568
8.007 12.170 3.459 19.342
8.795 1.510 16.881 6.333
1.240 0.810 2.685 15.843
5.612 10.312 10.812 7.284
12.080 5.383 2.706 1.987
1.927 1.286 7.344 5.672
9.394 16.414 12.741 5.080
2.342 6.081 2.400 2.456
1.070 7.009 2.440 26.168
7.589 6.425 8.335 3.501
11.321 10.580 18.416 9.949
3.945 1.044 20.815 2.291
17.777 16.893 0.996 9.261
15.103 8.666 2.311 9.760
13.297 0.881 9.749 7.073
6.609 6.050 7.228 1.286
10.212 3.220 3.682 3.541
0.333 8.168 4.368 22.459
21.078 11.109 3.466 7.343
17.804 10.506 4.171 5.893
11.095 5.564 12.552 9.821
10.013 9.658 2.013 1.127
12.394 7.934 8.425 19.996
5.580 5.930 11.126 0.317
5.208 8.658 6.418 10.089
15.143 4.449 11.184 10.202
3.736 8.211 9.358 4.483
3.197 3.867 20.751 6.080
8.229 3.090 10.836 2.412
10.645 13.170 5.492 0.228
10.372 16.262 5.527 8.165
0.953 5.586 8.459 6.506
0.960 1.447 7.925 2.668
5.191 6.396 3.094 9.878
9.123 15.984 1.186 1.693
7.849 17.762 9.211 8.582
11.409 16.525 8.106 9.399
4.743 10.369 11.448 0.557
2.739 2.773 12.442 8.905
4.283 3.793 3.149 11.151
0.511 0.059 11.440 17.283
5.608 10.152 2.191 18.386
16.489 1.870 0.536 17.234
3.523 14.727 1.678 7.779
1.448 5.946 10.657 9.403
21.629 6.773 7.051 1.966
12.261 18.018 11.830 4.388
19.381 11.064 1.536 0.982
3.326 11.387 3.763 22.253
11.262 15.304 7.148 3.449
9.018 5.553 8.287 2.170
16.315 7.686 4.084 2.202
2.798 9.214 15.844 2.225
4.361 0.901 8.900 5.937
6.447 9.360 7.140 10.995
3.424 19.144 6.774 2.251
3.113 10.874 2.026 2.002
11.661 7.465 0.706 12.882
12.570 10.281 15.873 4.594
4.967 9.732 1.753 8.234
12.709 8.267 4.743 0.128
17.733 7.792 12.729 4.689
5.070 5.822 0.795 6.146
11.025 1.757 0.306 17.627
3.231 7.782 0.581 23.718
4.922 10.908 1.304 11.586
21.627 8.181 13.620 10.982
10.462 4.862 15.405 5.577
3.086 2.041 9.621 0.800
0.320 1.868 20.546 0.732
2.508 8.578 0.709 4.665
7.107 16.643 3.814 1.467
6.660 6.510 0.887 10.898
2.402 5.375 3.000 5.188
8.590 6.050 0.502 2.079
19.200 21.685 15.935 5.500
16.969 7.555 7.414 1.608
1.702 8.156 21.374 4.569
6.726 5.479 1.548 12.617
0.714 4.546 8.370 0.366
5.339 10.483 6.158 14.740
4.670 7.030 13.460 5.104
4.996 5.399 1.874 10.935
3.227 3.202 22.507 0.006
25.623 8.020 0.930 5.926
6.281 4.130 8.698 7.637
0.405 11.940 9.081 3.597
5.735 29.143 11.385 19.170
21.374 4.786 6.591 0.444
7.620 8.610 17.388 6.425
7.508 11.577 9.895 20.754
9.034 14.167 13.556 29.937
7.375 1.933 4.311 7.369
7.770 3.950 19.379 3.251
4.031 4.438 2.463 1.185
19.340 5.782 5.457 4.165
8.215 9.648 11.586 11.410
4.211 18.164 2.209 8.758
1.633 14.690 4.175 0.391
6.427 5.033 11.673 1.876
8.949 15.234 8.899 3.745
3.685 1.880 6.453 11.835
6.144 1.849 3.868 4.538
10.645 8.606 12.134 17.079
2.292 4.072 3.676 8.340
5.035 3.387 11.904 2.536
13.333 1.129 7.352 1.815
2.430 1.723 15.112 23.938
6.080 0.381 14.565 22.480
6.585 8.664 11.220 17.584
2.222 11.028 19.189 4.594
3.542 5.436 1.385 5.839
19.680 11.904 2.711 2.839
2.596 10.229 9.505 20.395
8.528 4.372 5.178 2.894
13.936 3.356 9.070 6.728
1.126 8.229 12.055 0.085
3.517 12.862 4.415 8.830
12.229 10.867 0.028 17.013
19.356 0.969 9.203 0.392
8.188 6.053 12.360 12.745
10.548 5.500 0.274 3.294
1.248 12.933 10.235 4.160
13.305 1.423 5.756 9.528
0.713 6.872 0.879 8.149
17.026 4.595 26.434 10.267
2.221 2.935 5.554 18.239
6.390 3.107 0.378 21.818
10.881 0.306 2.171 12.612
8.014 0.135 17.543 18.291
11.938 16.023 21.580 1.149
11.751 3.246 6.466 9.351
0.324 4.831 17.341 1.654
8.329 0.624 23.133 13.467
11.492 0.149 3.655 11.570
4.691 6.148 13.342 4.373
4.063 17.547 9.607 10.445
7.319 12.431 6.740 3.160
4.918 2.146 1.389 6.504
9.248 3.257 13.247 6.708
13.587 10.331 6.324 1.262
7.012 7.048 7.067 4.123
10.692 9.598 15.817 11.676
15.800 4.799 11.239 9.024
7.205 15.634 4.622 5.890
11.847 2.336 7.039 3.885
6.776 1.808 4.259 7.625
9.573 12.121 1.456 20.004
22.003 8.304 5.154 0.417
0.831 5.174 11.206 4.511
2.409 1.679 2.486 7.987
2.389 19.945 0.657 13.093
6.003 9.245 0.876 0.095
17.172 3.872 15.961 0.284
2.786 1.883 9.737 11.287
0.268 2.997 11.178 15.581
6.292 3.980 6.863 7.889
6.317 5.097 15.061 4.638
0.039 3.891 6.451 15.175
9.620 2.803 0.552 4.749
11.938 0.968 18.230 9.046
9.117 4.377 1.998 4.129
3.701 6.428 7.804 12.919
2.153 2.414 1.984 17.597
2.830 11.175 2.561 10.411
2.564 19.194 11.692 11.308
7.677 2.411 20.589 14.299
0.911 26.400 13.383 10.373
14.369 5.087 2.939 1.430
1.892 5.896 9.850 12.334
5.055 2.113 16.390 12.827
13.774 11.970 3.758 10.980
2.953 2.670 7.171 5.305
1.849 6.835 5.192 2.103
6.133 4.525 10.133 17.229
10.578 16.063 1.978 9.390
6.716 1.632 11.622 27.265
3.223 2.778 11.680 7.637
14.941 11.739 8.739 2.842
14.691 23.356 3.682 2.080
13.211 4.769 0.389 14.334
0.653 5.329 6.887 5.464
1.824 3.066 10.835 11.823
5.278 13.293 9.608 9.417
9.137 5.635 8.459 12.059
3.418 0.722 19.631 3.653
3.457 7.211 6.039 7.714
9.996 11.847 2.348 1.628
2.053 6.620 11.073 11.510
3.889 5.944 1.606 0.673
2.420 1.236 16.280 9.657
13.909 6.065 4.591 6.033
12.641 2.289 2.883 1.294
12.668 4.890 20.669 4.942
10.468 4.549 8.494 5.263
9.756 0.234 15.491 3.537
0.830 15.909 12.832 7.401
6.862 0.490 4.399 14.978
7.656 14.507 10.790 6.666
12.194 11.810 6.856 8.500
11.605 10.728 3.195 2.924
2.702 9.997 1.992 2.071
22.968 12.589 4.748 10.233
1.609 9.930 3.571 1.043
7.568 3.516 6.399 13.320
6.270 3.339 15.232 5.696
4.441 2.654 8.241 4.495
23.353 9.061 1.428 1.760
1.622 17.203 1.864 3.738
7.152 6.118 10.219 5.607
13.358 6.934 1.884 8.070
9.598 1.930 13.818 10.403
1.000 3.502 0.906 13.514
10.151 3.548 4.021 6.165
3.415 14.151 7.691 2.908
2.818 0.874 0.758 8.687
2.121 14.593 9.125 9.062
1.245 8.955 9.911 9.083
1.337 6.392 0.506 14.516
4.877 10.955 12.082 11.379
2.793 1.093 5.211 10.165
3.081 16.311 6.926 11.395
1.837 9.927 8.038 7.245
7.520 1.229 12.407 1.361
0.801 3.740 4.434 12.132
11.693 6.574 6.277 11.465
6.793 9.818 19.090 4.025
2.058 6.129 10.304 0.601
1.902 7.256 7.934 4.069
14.214 8.416 3.144 10.570
13.159 1.989 10.710 21.445
2.531 1.070 10.544 1.351
7.270 9.942 5.354 7.762
0.159 8.921 4.290 21.107
7.510 17.410 0.567 4.746
5.848 12.722 3.851 11.200
2.793 3.313 9.380 7.206
2.223 5.345 28.116 3.800
11.835 7.312 4.032 0.933
2.353 10.639 1.796 4.138
20.187 17.469 5.677 3.080
8.533 15.579 6.745 16.292
11.482 2.181 8.343 8.728
26.078 8.723 0.382 3.921
0.895 5.517 6.442 11.562
12.272 6.559 2.021 8.670
0.673 13.456 1.456 11.345
12.289 8.078 7.076 10.648
4.935 20.925 6.329 11.558
6.506 3.360 16.937 0.665
13.004 2.117 5.717 4.040
2.374 3.295 0.809 7.669
8.192 1.562 0.714 2.124
3.912 2.013 11.849 0.041
6.159 3.467 5.022 12.782
10.394 2.917 6.833 9.129
5.412 8.206 0.711 9.123
10.037 11.171 2.538 14.110
5.454 12.819 3.087 0.159
13.740 2.381 11.515 2.535
17.211 11.120 12.604 8.731
0.619 1.008 17.121 7.288
8.932 13.487 15.464 5.654
16.069 7.344 4.718 8.019
0.063 11.650 13.983 3.096
26.890 4.873 4.622 10.280
5.911 3.249 5.991 7.763
14.936 3.658 9.226 9.118
1.368 13.255 8.961 7.445
0.365 2.429 6.598 1.957
17.417 3.165 24.407 3.868
16.963 2.860 10.786 13.741
4.226 7.389 8.097 3.825
13.889 5.802 9.859 2.075
0.574 2.101 5.721 9.045
1.607 15.128 9.414 2.422
0.643 2.740 0.182 5.515
5.181 1.876 11.245 14.629
13.985 1.813 3.103 0.115
3.847 5.322 3.799 0.276
16.348 9.323 15.939 14.076
5.896 5.174 1.581 7.384
7.271 5.196 33.180 9.442
27.344 10.205 2.060 14.392
0.092 7.782 6.529 8.717
3.260 4.982 0.261 13.350
13.546 3.907 10.173 16.198
23.155 6.085 0.903 4.476
9.590 6.438 15.240 1.691
11.053 18.540 8.506 1.940
10.906 6.700 0.494 4.633
5.351 23.315 2.237 10.625
12.971 3.853 10.728 17.079
3.756 11.459 3.615 5.094
5.719 8.463 5.882 8.576
6.264 6.987 2.542 0.734
3.477 20.698 1.313 25.912
0.139 0.838 8.559 7.408
16.643 6.115 2.889 8.314
1.138 3.520 7.803 8.491
8.069 2.588 8.182 15.512
2.927 16.141 8.400 7.643
0.491 6.843 7.286 20.688
4.035 7.597 22.106 2.485
4.576 18.523 8.789 21.269
3.691 1.314 1.601 2.616
5.316 10.308 3.782 2.289
2.523 8.261 1.164 6.606
6.016 10.524 1.512 14.184
1.283 10.643 13.940 0.875
18.949 0.170 13.902 16.567
11.231 3.916 7.822 22.686
0.694 2.921 12.509 9.159
0.964 14.604 12.215 6.432
2.802 15.042 6.757 16.995
15.905 10.684 2.678 3.266
20.227 4.153 10.947 16.670
5.809 3.718 6.906 11.414
16.642 8.811 23.273 0.885
7.016 9.179 14.459 1.105
1.497 0.214 2.851 0.647
7.822 3.078 4.007 8.527
11.330 13.556 4.032 4.885
12.186 1.577 2.731 12.926
8.039 7.638 5.961 4.513
17.814 16.909 6.424 5.752
3.410 29.641 3.231 0.295
12.435 6.276 10.106 2.528
6.035 6.079 32.482 7.230
1.435 14.911 9.167 11.649
8.055 18.927 6.471 14.590
12.734 12.032 1.256 1.789
9.269 3.009 4.906 3.739
2.364 4.128 7.672 1.473
16.440 13.445 7.758 8.719
16.062 10.993 9.107 3.248
4.961 26.463 5.784 0.527
0.200 0.975 3.130 4.118
10.375 6.796 8.239 14.090
5.544 5.715 3.951 8.094
6.881 15.050 6.853 4.440
1.085 12.035 3.171 9.202
4.509 17.883 2.648 7.161
9.989 3.533 3.663 8.682
5.083 1.770 31.494 2.206
16.882 9.003 18.483 5.842
11.228 4.851 3.351 0.263
2.621 6.013 2.384 2.951
